   1.000    0.895    0.796    0.793    0.722    0.710    0.858    0.870    0.814    0.677    0.853    0.907    0.618    0.641    0.847    0.676    0.832    0.859    0.850    0.867    0.163    0.195    0.194    0.369    0.143    0.189    0.158    0.177    0.193    0.182    0.184    0.170    0.145    0.143    0.181    0.173    0.200    0.200    0.176    0.170    0.173    0.180    0.182    0.174    0.183    0.191    0.166    0.181    0.158    0.183    0.182    0.240    0.191    0.202    0.145    0.170    0.193    0.163    0.191    0.194    0.188    0.169    0.201    0.220    0.207    0.221    0.188    0.192    0.157    0.213    0.168    0.203    0.169    0.183    0.207    0.190    0.210    0.170    0.217    0.217    0.170    0.211    0.199    0.226    0.212    0.190    0.213    0.233    0.167    0.197    0.214    0.172    0.224    0.169    0.198    0.196    0.180    0.187    0.393    0.360    0.400    0.248    0.409    0.420    0.363    0.426    0.417    0.392    0.424    0.394    0.390    0.402    0.388    0.413    0.413    0.349    0.416    0.370    0.390    0.386    0.417    0.357    0.417    0.414    0.388    0.400    0.376    0.400    0.391    0.416    0.382    0.416    0.417    0.411    0.421    0.385    0.429    0.352    0.401    0.377    0.396    0.403    0.393    0.412    0.420    0.382    0.424    0.424    0.385    0.374    0.403    0.350    0.401    0.381    0.415    0.246    0.258    0.241    0.262    0.244    0.254    0.257    0.245    0.271    0.241    0.270    0.243    0.256    0.256    0.236    0.237    0.242    0.256    0.279    0.248    0.234    0.292    0.271    0.281    0.264
   0.895    1.000    0.662    0.813    0.608    0.721    0.891    0.774    0.849    0.553    0.883    0.817    0.494    0.529    0.747    0.659    0.736    0.901    0.884    0.766    0.134    0.174    0.168    0.310    0.114    0.159    0.135    0.147    0.149    0.144    0.135    0.133    0.105    0.111    0.164    0.157    0.146    0.176    0.154    0.147    0.150    0.159    0.157    0.155    0.163    0.137    0.149    0.156    0.120    0.154    0.155    0.217    0.180    0.182    0.117    0.150    0.135    0.143    0.175    0.175    0.137    0.148    0.147    0.192    0.151    0.163    0.158    0.160    0.142    0.152    0.152    0.180    0.149    0.136    0.187    0.161    0.186    0.148    0.189    0.158    0.140    0.148    0.172    0.201    0.163    0.170    0.182    0.208    0.146    0.146    0.189    0.144    0.192    0.138    0.144    0.173    0.150    0.165    0.321    0.359    0.329    0.206    0.340    0.343    0.286    0.354    0.349    0.318    0.363    0.322    0.316    0.326    0.318    0.341    0.341    0.275    0.338    0.302    0.307    0.307    0.348    0.291    0.347    0.341    0.318    0.323    0.301    0.321    0.308    0.347    0.305    0.347    0.363    0.335    0.357    0.315    0.359    0.288    0.327    0.305    0.321    0.336    0.322    0.339    0.359    0.313    0.355    0.357    0.312    0.305    0.319    0.276    0.332    0.309    0.338    0.205    0.217    0.198    0.223    0.205    0.214    0.214    0.205    0.229    0.207    0.229    0.199    0.217    0.213    0.195    0.197    0.198    0.214    0.236    0.207    0.193    0.255    0.233    0.242    0.221
   0.796    0.662    1.000    0.863    0.801    0.821    0.598    0.587    0.480    0.775    0.571    0.608    0.789    0.760    0.921    0.776    0.525    0.582    0.611    0.728    0.089    0.106    0.188    0.213    0.102    0.088    0.078    0.084    0.080    0.091    0.081    0.078    0.080    0.107    0.133    0.107    0.128    0.132    0.127    0.134    0.108    0.136    0.109    0.114    0.114    0.124    0.143    0.122    0.089    0.118    0.102    0.121    0.106    0.108    0.124    0.133    0.123    0.139    0.110    0.130    0.114    0.115    0.121    0.120    0.124    0.205    0.186    0.184    0.133    0.218    0.137    0.133    0.145    0.150    0.150    0.188    0.204    0.121    0.175    0.200    0.161    0.191    0.098    0.194    0.189    0.098    0.165    0.186    0.158    0.162    0.209    0.170    0.174    0.152    0.203    0.168    0.170    0.158    0.229    0.227    0.218    0.200    0.219    0.227    0.186    0.237    0.230    0.215    0.223    0.210    0.214    0.218    0.209    0.227    0.222    0.180    0.224    0.202    0.206    0.205    0.228    0.192    0.229    0.227    0.205    0.206    0.203    0.219    0.206    0.224    0.193    0.228    0.240    0.228    0.243    0.212    0.241    0.188    0.211    0.190    0.212    0.216    0.214    0.223    0.234    0.205    0.235    0.235    0.205    0.193    0.219    0.176    0.219    0.200    0.228    0.203    0.196    0.166    0.199    0.213    0.174    0.200    0.162    0.193    0.200    0.188    0.192    0.199    0.196    0.185    0.187    0.171    0.206    0.200    0.173    0.174    0.208    0.194    0.210    0.193
   0.793    0.813    0.863    1.000    0.764    0.899    0.761    0.661    0.666    0.751    0.743    0.678    0.728    0.726    0.894    0.943    0.617    0.754    0.779    0.770    0.170    0.214    0.296    0.276    0.179    0.189    0.170    0.179    0.157    0.156    0.157    0.156    0.153    0.188    0.242    0.213    0.202    0.244    0.232    0.239    0.201    0.241    0.206    0.210    0.224    0.190    0.247    0.227    0.155    0.221    0.203    0.234    0.210    0.219    0.213    0.232    0.183    0.240    0.214    0.239    0.176    0.216    0.202    0.225    0.202    0.267    0.296    0.298    0.212    0.272    0.227    0.231    0.236    0.228    0.253    0.296    0.323    0.205    0.287    0.266    0.262    0.254    0.169    0.311    0.245    0.174    0.267    0.310    0.260    0.232    0.318    0.271    0.292    0.256    0.269    0.276    0.274    0.244    0.307    0.370    0.298    0.315    0.311    0.310    0.265    0.319    0.314    0.306    0.317    0.296    0.295    0.309    0.298    0.309    0.313    0.255    0.304    0.276    0.274    0.288    0.310    0.289    0.312    0.309    0.301    0.297    0.289    0.298    0.277    0.309    0.271    0.315    0.324    0.308    0.327    0.306    0.321    0.263    0.306    0.282    0.298    0.302    0.306    0.305    0.320    0.295    0.324    0.323    0.292    0.273    0.299    0.250    0.306    0.296    0.309    0.326    0.313    0.278    0.314    0.327    0.295    0.317    0.277    0.313    0.306    0.313    0.313    0.316    0.310    0.296    0.299    0.285    0.323    0.317    0.289    0.287    0.330    0.320    0.331    0.317
   0.722    0.608    0.801    0.764    1.000    0.677    0.529    0.502    0.421    0.964    0.514    0.547    0.916    0.920    0.813    0.678    0.478    0.506    0.533    0.666    0.086    0.098    0.163    0.178    0.096    0.087    0.074    0.079    0.097    0.093    0.078    0.081    0.078    0.098    0.127    0.106    0.120    0.139    0.126    0.131    0.110    0.128    0.100    0.113    0.116    0.111    0.125    0.123    0.087    0.115    0.100    0.120    0.107    0.103    0.122    0.120    0.113    0.125    0.108    0.124    0.117    0.110    0.122    0.117    0.118    0.174    0.159    0.158    0.113    0.184    0.153    0.115    0.134    0.132    0.132    0.159    0.177    0.141    0.154    0.180    0.186    0.175    0.091    0.171    0.164    0.088    0.144    0.171    0.139    0.144    0.178    0.144    0.157    0.135    0.175    0.148    0.147    0.163    0.253    0.242    0.210    0.225    0.208    0.223    0.177    0.226    0.223    0.206    0.229    0.203    0.199    0.208    0.202    0.216    0.214    0.171    0.218    0.190    0.197    0.193    0.226    0.190    0.221    0.218    0.200    0.200    0.190    0.208    0.196    0.224    0.188    0.222    0.245    0.219    0.239    0.201    0.240    0.178    0.209    0.183    0.201    0.211    0.201    0.215    0.233    0.198    0.228    0.231    0.196    0.189    0.207    0.169    0.213    0.191    0.217    0.223    0.216    0.183    0.216    0.226    0.178    0.219    0.165    0.209    0.231    0.201    0.204    0.204    0.220    0.204    0.210    0.193    0.234    0.215    0.190    0.201    0.210    0.199    0.214    0.206
   0.710    0.721    0.821    0.899    0.677    1.000    0.656    0.517    0.551    0.650    0.632    0.543    0.672    0.681    0.799    0.850    0.495    0.622    0.666    0.651    0.086    0.114    0.218    0.209    0.099    0.098    0.083    0.090    0.096    0.094    0.081    0.085    0.082    0.107    0.149    0.117    0.115    0.150    0.141    0.159    0.143    0.155    0.124    0.150    0.135    0.115    0.153    0.147    0.100    0.133    0.117    0.141    0.121    0.119    0.145    0.144    0.112    0.153    0.128    0.146    0.119    0.127    0.112    0.136    0.113    0.199    0.207    0.206    0.152    0.206    0.162    0.181    0.166    0.148    0.206    0.211    0.243    0.143    0.201    0.183    0.200    0.174    0.123    0.230    0.199    0.125    0.228    0.212    0.179    0.153    0.245    0.201    0.203    0.175    0.186    0.210    0.200    0.193    0.208    0.257    0.214    0.209    0.217    0.225    0.190    0.235    0.226    0.218    0.229    0.211    0.212    0.216    0.207    0.223    0.214    0.193    0.221    0.214    0.199    0.200    0.226    0.194    0.228    0.223    0.205    0.211    0.196    0.215    0.197    0.224    0.196    0.229    0.240    0.223    0.243    0.210    0.242    0.201    0.213    0.195    0.210    0.216    0.209    0.222    0.237    0.205    0.229    0.230    0.205    0.192    0.208    0.192    0.216    0.200    0.221    0.196    0.202    0.183    0.210    0.211    0.195    0.202    0.189    0.210    0.209    0.201    0.187    0.204    0.206    0.192    0.199    0.188    0.215    0.213    0.188    0.184    0.226    0.205    0.222    0.201
   0.858    0.891    0.598    0.761    0.529    0.656    1.000    0.890    0.960    0.500    0.981    0.889    0.451    0.476    0.728    0.635    0.830    0.957    0.980    0.799    0.149    0.182    0.146    0.315    0.126    0.170    0.141    0.161    0.155    0.153    0.147    0.135    0.111    0.102    0.148    0.150    0.146    0.165    0.145    0.132    0.135    0.147    0.158    0.139    0.155    0.137    0.134    0.147    0.120    0.151    0.157    0.210    0.172    0.184    0.105    0.140    0.139    0.129    0.169    0.167    0.127    0.144    0.147    0.192    0.159    0.140    0.137    0.142    0.126    0.128    0.136    0.169    0.135    0.115    0.171    0.141    0.160    0.135    0.172    0.138    0.123    0.132    0.183    0.171    0.165    0.182    0.182    0.184    0.124    0.126    0.158    0.127    0.181    0.124    0.121    0.151    0.131    0.152    0.312    0.326    0.319    0.212    0.328    0.327    0.299    0.333    0.326    0.311    0.334    0.317    0.316    0.327    0.310    0.335    0.323    0.279    0.331    0.288    0.300    0.318    0.330    0.293    0.326    0.333    0.322    0.335    0.312    0.314    0.304    0.332    0.314    0.327    0.317    0.325    0.325    0.312    0.325    0.277    0.322    0.319    0.324    0.327    0.325    0.333    0.323    0.308    0.328    0.329    0.308    0.305    0.315    0.289    0.319    0.321    0.322    0.210    0.223    0.219    0.229    0.207    0.243    0.232    0.233    0.235    0.206    0.248    0.218    0.236    0.226    0.203    0.204    0.223    0.217    0.254    0.228    0.212    0.254    0.252    0.249    0.249
   0.870    0.774    0.587    0.661    0.502    0.517    0.890    1.000    0.841    0.476    0.890    0.952    0.418    0.452    0.758    0.518    0.923    0.865    0.893    0.828    0.102    0.124    0.085    0.285    0.087    0.117    0.096    0.110    0.136    0.116    0.115    0.106    0.086    0.068    0.091    0.096    0.114    0.106    0.091    0.080    0.101    0.092    0.104    0.105    0.102    0.107    0.082    0.090    0.090    0.097    0.108    0.143    0.112    0.125    0.066    0.086    0.107    0.077    0.108    0.110    0.092    0.090    0.119    0.132    0.128    0.101    0.083    0.089    0.099    0.091    0.101    0.120    0.100    0.103    0.119    0.085    0.096    0.101    0.107    0.104    0.093    0.099    0.149    0.102    0.141    0.148    0.144    0.116    0.074    0.113    0.093    0.081    0.113    0.078    0.090    0.112    0.076    0.116    0.276    0.236    0.267    0.157    0.279    0.267    0.258    0.275    0.273    0.259    0.272    0.264    0.263    0.273    0.259    0.276    0.280    0.234    0.272    0.240    0.251    0.267    0.268    0.245    0.276    0.274    0.271    0.281    0.263    0.259    0.254    0.273    0.265    0.272    0.247    0.268    0.265    0.264    0.261    0.232    0.270    0.278    0.269    0.274    0.272    0.274    0.260    0.257    0.274    0.273    0.258    0.261    0.263    0.239    0.268    0.276    0.271    0.166    0.166    0.165    0.172    0.155    0.178    0.176    0.174    0.167    0.145    0.179    0.170    0.179    0.160    0.169    0.157    0.169    0.160    0.183    0.174    0.168    0.177    0.186    0.184    0.189
   0.814    0.849    0.480    0.666    0.421    0.551    0.960    0.841    1.000    0.393    0.981    0.845    0.343    0.373    0.648    0.536    0.823    0.934    0.953    0.731    0.118    0.145    0.103    0.240    0.097    0.138    0.111    0.128    0.118    0.114    0.117    0.095    0.086    0.074    0.105    0.113    0.116    0.130    0.110    0.092    0.100    0.108    0.126    0.104    0.114    0.107    0.096    0.104    0.087    0.117    0.123    0.171    0.128    0.149    0.084    0.105    0.113    0.091    0.124    0.126    0.093    0.107    0.112    0.153    0.122    0.095    0.093    0.100    0.093    0.086    0.096    0.122    0.092    0.084    0.124    0.100    0.104    0.099    0.129    0.096    0.084    0.093    0.144    0.124    0.122    0.139    0.132    0.138    0.083    0.086    0.107    0.090    0.133    0.087    0.086    0.099    0.088    0.124    0.241    0.259    0.264    0.156    0.278    0.274    0.255    0.275    0.269    0.258    0.281    0.264    0.261    0.278    0.261    0.277    0.274    0.233    0.278    0.236    0.253    0.267    0.275    0.246    0.275    0.274    0.275    0.289    0.263    0.263    0.255    0.279    0.268    0.270    0.254    0.268    0.262    0.262    0.269    0.228    0.274    0.278    0.272    0.276    0.271    0.281    0.265    0.258    0.271    0.272    0.260    0.256    0.265    0.244    0.265    0.272    0.269    0.151    0.171    0.173    0.179    0.144    0.195    0.178    0.185    0.188    0.153    0.198    0.164    0.183    0.175    0.146    0.151    0.175    0.163    0.206    0.180    0.158    0.204    0.205    0.197    0.196
   0.677    0.553    0.775    0.751    0.964    0.650    0.500    0.476    0.393    1.000    0.486    0.512    0.934    0.930    0.818    0.692    0.452    0.474    0.508    0.649    0.080    0.090    0.157    0.165    0.091    0.089    0.070    0.079    0.103    0.103    0.080    0.076    0.073    0.091    0.116    0.096    0.113    0.133    0.120    0.126    0.106    0.120    0.092    0.107    0.110    0.103    0.114    0.121    0.083    0.111    0.096    0.115    0.095    0.095    0.117    0.108    0.106    0.113    0.098    0.115    0.107    0.101    0.117    0.108    0.111    0.167    0.153    0.155    0.106    0.177    0.146    0.109    0.133    0.127    0.124    0.155    0.169    0.136    0.147    0.173    0.178    0.171    0.088    0.165    0.154    0.084    0.136    0.162    0.126    0.137    0.167    0.138    0.155    0.134    0.170    0.142    0.143    0.155    0.241    0.234    0.190    0.244    0.191    0.200    0.163    0.205    0.202    0.189    0.204    0.185    0.183    0.190    0.186    0.196    0.196    0.156    0.197    0.172    0.179    0.181    0.202    0.179    0.200    0.196    0.186    0.184    0.179    0.190    0.179    0.204    0.172    0.201    0.216    0.197    0.213    0.187    0.214    0.161    0.192    0.168    0.185    0.193    0.187    0.196    0.206    0.183    0.208    0.208    0.181    0.170    0.189    0.154    0.194    0.176    0.197    0.243    0.229    0.197    0.232    0.246    0.192    0.240    0.178    0.219    0.251    0.212    0.224    0.221    0.234    0.224    0.229    0.211    0.252    0.225    0.205    0.220    0.215    0.211    0.224    0.226
   0.853    0.883    0.571    0.743    0.514    0.632    0.981    0.890    0.981    0.486    1.000    0.896    0.431    0.468    0.722    0.616    0.849    0.956    0.969    0.804    0.156    0.189    0.138    0.312    0.133    0.179    0.150    0.169    0.166    0.162    0.155    0.136    0.119    0.106    0.146    0.154    0.151    0.167    0.148    0.127    0.136    0.147    0.163    0.140    0.156    0.146    0.135    0.144    0.130    0.154    0.161    0.213    0.174    0.189    0.106    0.144    0.146    0.129    0.169    0.169    0.131    0.147    0.152    0.195    0.164    0.132    0.132    0.137    0.132    0.121    0.144    0.162    0.137    0.118    0.167    0.136    0.150    0.144    0.166    0.134    0.125    0.127    0.192    0.162    0.170    0.191    0.184    0.177    0.123    0.127    0.149    0.121    0.172    0.119    0.117    0.150    0.126    0.154    0.315    0.320    0.320    0.210    0.331    0.330    0.303    0.329    0.324    0.314    0.339    0.318    0.313    0.332    0.313    0.332    0.327    0.283    0.334    0.287    0.302    0.315    0.334    0.299    0.328    0.330    0.328    0.338    0.312    0.316    0.305    0.331    0.316    0.327    0.319    0.324    0.321    0.314    0.327    0.280    0.328    0.327    0.327    0.327    0.324    0.332    0.324    0.311    0.328    0.332    0.311    0.308    0.319    0.289    0.319    0.324    0.324    0.211    0.222    0.220    0.228    0.200    0.242    0.229    0.233    0.234    0.202    0.247    0.217    0.234    0.224    0.204    0.203    0.223    0.216    0.254    0.228    0.213    0.251    0.251    0.247    0.248
   0.907    0.817    0.608    0.678    0.547    0.543    0.889    0.952    0.845    0.512    0.896    1.000    0.434    0.478    0.760    0.535    0.913    0.862    0.879    0.837    0.099    0.124    0.094    0.276    0.081    0.116    0.093    0.109    0.130    0.113    0.115    0.103    0.083    0.068    0.092    0.100    0.119    0.112    0.098    0.085    0.100    0.096    0.107    0.102    0.104    0.108    0.086    0.096    0.087    0.102    0.109    0.152    0.112    0.125    0.068    0.089    0.111    0.080    0.109    0.114    0.098    0.092    0.123    0.135    0.131    0.113    0.088    0.093    0.090    0.102    0.100    0.114    0.097    0.101    0.119    0.092    0.104    0.098    0.116    0.114    0.093    0.108    0.140    0.116    0.133    0.138    0.139    0.128    0.078    0.112    0.103    0.079    0.121    0.081    0.098    0.111    0.083    0.107    0.273    0.249    0.288    0.157    0.296    0.297    0.268    0.295    0.297    0.274    0.304    0.285    0.280    0.290    0.282    0.292    0.299    0.245    0.297    0.254    0.274    0.283    0.298    0.260    0.295    0.291    0.294    0.297    0.278    0.283    0.278    0.299    0.280    0.295    0.279    0.286    0.285    0.275    0.287    0.246    0.296    0.288    0.289    0.298    0.289    0.297    0.286    0.280    0.297    0.301    0.275    0.278    0.285    0.253    0.290    0.289    0.292    0.163    0.167    0.165    0.171    0.155    0.179    0.176    0.172    0.175    0.152    0.186    0.163    0.174    0.166    0.160    0.153    0.167    0.162    0.190    0.171    0.161    0.187    0.189    0.186    0.190
   0.618    0.494    0.789    0.728    0.916    0.672    0.451    0.418    0.343    0.934    0.431    0.434    1.000    0.926    0.795    0.670    0.389    0.417    0.459    0.605    0.097    0.109    0.179    0.164    0.110    0.082    0.083    0.086    0.097    0.093    0.081    0.088    0.086    0.112    0.148    0.115    0.131    0.144    0.134    0.137    0.126    0.145    0.111    0.128    0.120    0.128    0.145    0.130    0.101    0.123    0.106    0.119    0.118    0.110    0.131    0.139    0.123    0.142    0.119    0.145    0.128    0.124    0.127    0.125    0.127    0.193    0.177    0.172    0.126    0.209    0.175    0.118    0.146    0.141    0.134    0.177    0.193    0.154    0.155    0.193    0.210    0.180    0.097    0.173    0.181    0.097    0.153    0.164    0.160    0.150    0.192    0.161    0.157    0.148    0.191    0.161    0.167    0.185    0.225    0.223    0.184    0.242    0.183    0.194    0.160    0.199    0.193    0.187    0.197    0.178    0.182    0.189    0.178    0.192    0.186    0.157    0.190    0.175    0.172    0.175    0.193    0.171    0.194    0.195    0.176    0.176    0.173    0.185    0.172    0.191    0.166    0.193    0.211    0.196    0.213    0.184    0.212    0.161    0.181    0.160    0.181    0.184    0.183    0.189    0.207    0.176    0.197    0.197    0.175    0.165    0.183    0.153    0.184    0.170    0.191    0.234    0.229    0.193    0.231    0.243    0.186    0.233    0.172    0.213    0.258    0.203    0.221    0.222    0.232    0.222    0.229    0.201    0.247    0.219    0.198    0.216    0.211    0.203    0.226    0.213
   0.641    0.529    0.760    0.726    0.920    0.681    0.476    0.452    0.373    0.930    0.468    0.478    0.926    1.000    0.796    0.665    0.440    0.441    0.479    0.635    0.104    0.100    0.169    0.184    0.114    0.090    0.083    0.097    0.115    0.108    0.093    0.086    0.082    0.108    0.147    0.105    0.119    0.132    0.119    0.123    0.139    0.134    0.102    0.144    0.109    0.117    0.135    0.117    0.112    0.107    0.097    0.112    0.113    0.102    0.116    0.131    0.108    0.136    0.117    0.143    0.131    0.113    0.117    0.117    0.115    0.179    0.163    0.154    0.117    0.186    0.166    0.115    0.140    0.136    0.134    0.157    0.174    0.148    0.134    0.171    0.200    0.159    0.099    0.160    0.180    0.100    0.157    0.147    0.152    0.148    0.177    0.146    0.138    0.131    0.172    0.163    0.150    0.177    0.248    0.218    0.190    0.242    0.191    0.202    0.166    0.199    0.199    0.191    0.207    0.186    0.181    0.190    0.183    0.195    0.191    0.165    0.195    0.180    0.169    0.174    0.201    0.176    0.197    0.200    0.180    0.183    0.173    0.183    0.169    0.200    0.175    0.203    0.218    0.195    0.216    0.186    0.215    0.172    0.187    0.175    0.183    0.190    0.186    0.189    0.210    0.181    0.201    0.203    0.179    0.173    0.178    0.162    0.188    0.178    0.191    0.230    0.221    0.194    0.227    0.237    0.187    0.233    0.180    0.207    0.255    0.198    0.218    0.224    0.225    0.234    0.235    0.209    0.247    0.211    0.202    0.225    0.203    0.197    0.222    0.215
   0.847    0.747    0.921    0.894    0.813    0.799    0.728    0.758    0.648    0.818    0.722    0.760    0.795    0.796    1.000    0.860    0.724    0.716    0.743    0.823    0.154    0.173    0.240    0.313    0.167    0.178    0.149    0.166    0.180    0.176    0.171    0.162    0.147    0.168    0.195    0.167    0.195    0.203    0.185    0.187    0.183    0.193    0.164    0.193    0.177    0.184    0.195    0.181    0.160    0.179    0.166    0.209    0.166    0.178    0.169    0.185    0.182    0.189    0.169    0.196    0.179    0.170    0.202    0.194    0.197    0.262    0.241    0.245    0.194    0.270    0.207    0.204    0.218    0.216    0.220    0.242    0.257    0.189    0.234    0.262    0.215    0.253    0.182    0.251    0.263    0.184    0.245    0.251    0.208    0.231    0.257    0.217    0.236    0.209    0.265    0.234    0.221    0.211    0.345    0.339    0.307    0.315    0.322    0.319    0.291    0.329    0.323    0.315    0.329    0.305    0.307    0.324    0.313    0.318    0.325    0.279    0.320    0.294    0.293    0.304    0.319    0.301    0.328    0.320    0.314    0.317    0.302    0.311    0.295    0.318    0.295    0.323    0.327    0.318    0.332    0.316    0.334    0.280    0.321    0.301    0.312    0.316    0.313    0.319    0.330    0.310    0.326    0.328    0.311    0.294    0.311    0.275    0.311    0.308    0.323    0.328    0.307    0.282    0.311    0.318    0.293    0.323    0.281    0.297    0.302    0.294    0.313    0.315    0.296    0.319    0.306    0.290    0.318    0.303    0.287    0.298    0.296    0.301    0.318    0.320
   0.676    0.659    0.776    0.943    0.678    0.850    0.635    0.518    0.536    0.692    0.616    0.535    0.670    0.665    0.860    1.000    0.496    0.612    0.663    0.653    0.096    0.114    0.198    0.167    0.097    0.110    0.090    0.101    0.090    0.086    0.084    0.077    0.076    0.103    0.135    0.112    0.110    0.152    0.136    0.142    0.118    0.141    0.115    0.121    0.129    0.100    0.140    0.136    0.083    0.131    0.112    0.139    0.107    0.121    0.129    0.129    0.102    0.137    0.113    0.138    0.095    0.119    0.113    0.129    0.108    0.167    0.196    0.203    0.125    0.176    0.140    0.144    0.150    0.146    0.160    0.198    0.214    0.128    0.187    0.167    0.177    0.167    0.100    0.210    0.160    0.101    0.181    0.208    0.152    0.153    0.215    0.177    0.194    0.165    0.178    0.181    0.179    0.156    0.189    0.242    0.175    0.240    0.193    0.187    0.164    0.198    0.188    0.195    0.193    0.179    0.182    0.196    0.189    0.186    0.192    0.162    0.184    0.169    0.166    0.182    0.184    0.188    0.191    0.184    0.189    0.187    0.181    0.185    0.164    0.184    0.166    0.191    0.189    0.187    0.196    0.198    0.197    0.160    0.196    0.172    0.183    0.182    0.189    0.190    0.192    0.188    0.196    0.193    0.187    0.164    0.183    0.157    0.182    0.182    0.190    0.241    0.231    0.205    0.234    0.239    0.224    0.242    0.206    0.232    0.227    0.229    0.231    0.235    0.231    0.217    0.221    0.212    0.245    0.236    0.209    0.208    0.237    0.234    0.247    0.243
   0.832    0.736    0.525    0.617    0.478    0.495    0.830    0.923    0.823    0.452    0.849    0.913    0.389    0.440    0.724    0.496    1.000    0.819    0.835    0.781    0.108    0.119    0.096    0.261    0.090    0.119    0.097    0.113    0.142    0.116    0.123    0.104    0.088    0.075    0.084    0.094    0.113    0.105    0.086    0.077    0.106    0.084    0.102    0.109    0.101    0.103    0.078    0.087    0.093    0.096    0.105    0.142    0.103    0.121    0.077    0.083    0.108    0.074    0.101    0.108    0.090    0.086    0.119    0.124    0.124    0.105    0.088    0.093    0.109    0.096    0.109    0.133    0.110    0.116    0.133    0.082    0.094    0.114    0.101    0.099    0.108    0.097    0.158    0.097    0.161    0.153    0.159    0.112    0.075    0.124    0.090    0.092    0.104    0.089    0.091    0.120    0.087    0.129    0.255    0.219    0.255    0.158    0.274    0.262    0.258    0.261    0.264    0.253    0.273    0.260    0.249    0.264    0.258    0.259    0.277    0.245    0.258    0.242    0.245    0.260    0.259    0.245    0.266    0.257    0.271    0.283    0.252    0.251    0.243    0.272    0.266    0.267    0.234    0.253    0.248    0.257    0.251    0.238    0.275    0.288    0.255    0.266    0.263    0.266    0.246    0.253    0.264    0.258    0.253    0.261    0.249    0.254    0.261    0.277    0.256    0.165    0.165    0.175    0.173    0.152    0.186    0.180    0.187    0.171    0.145    0.181    0.167    0.175    0.158    0.175    0.163    0.182    0.162    0.182    0.182    0.173    0.174    0.187    0.182    0.195
   0.859    0.901    0.582    0.754    0.506    0.622    0.957    0.865    0.934    0.474    0.956    0.862    0.417    0.441    0.716    0.612    0.819    1.000    0.956    0.805    0.102    0.138    0.116    0.251    0.085    0.125    0.102    0.114    0.116    0.110    0.104    0.095    0.076    0.075    0.111    0.115    0.109    0.131    0.112    0.103    0.099    0.112    0.121    0.105    0.122    0.100    0.104    0.114    0.088    0.118    0.121    0.163    0.130    0.144    0.077    0.108    0.104    0.100    0.128    0.126    0.093    0.111    0.112    0.149    0.118    0.109    0.110    0.116    0.093    0.100    0.105    0.130    0.105    0.094    0.132    0.113    0.130    0.107    0.141    0.110    0.092    0.107    0.144    0.138    0.129    0.141    0.140    0.154    0.097    0.102    0.128    0.100    0.148    0.098    0.098    0.119    0.104    0.114    0.256    0.290    0.268    0.169    0.278    0.278    0.238    0.282    0.274    0.261    0.284    0.265    0.258    0.272    0.256    0.283    0.276    0.223    0.277    0.233    0.252    0.262    0.282    0.239    0.274    0.280    0.266    0.278    0.256    0.264    0.252    0.284    0.258    0.276    0.273    0.277    0.275    0.259    0.279    0.223    0.268    0.263    0.267    0.271    0.271    0.282    0.271    0.251    0.284    0.279    0.252    0.246    0.266    0.228    0.269    0.264    0.269    0.173    0.179    0.170    0.184    0.171    0.190    0.187    0.182    0.191    0.164    0.200    0.177    0.189    0.182    0.163    0.161    0.176    0.176    0.204    0.181    0.166    0.212    0.203    0.202    0.199
   0.850    0.884    0.611    0.779    0.533    0.666    0.980    0.893    0.953    0.508    0.969    0.879    0.459    0.479    0.743    0.663    0.835    0.956    1.000    0.801    0.150    0.180    0.151    0.296    0.124    0.174    0.140    0.161    0.151    0.148    0.146    0.128    0.111    0.101    0.145    0.150    0.148    0.171    0.150    0.140    0.134    0.149    0.160    0.136    0.159    0.137    0.134    0.148    0.116    0.154    0.162    0.212    0.169    0.186    0.110    0.139    0.142    0.130    0.166    0.162    0.125    0.144    0.149    0.192    0.158    0.142    0.142    0.152    0.120    0.129    0.133    0.171    0.129    0.114    0.175    0.149    0.164    0.131    0.181    0.143    0.119    0.140    0.182    0.177    0.162    0.177    0.185    0.195    0.121    0.118    0.162    0.133    0.190    0.129    0.129    0.149    0.133    0.154    0.295    0.324    0.312    0.217    0.328    0.316    0.298    0.332    0.324    0.307    0.322    0.313    0.315    0.320    0.307    0.330    0.325    0.275    0.321    0.286    0.299    0.319    0.319    0.289    0.326    0.326    0.318    0.334    0.311    0.310    0.302    0.327    0.309    0.322    0.302    0.320    0.318    0.314    0.314    0.273    0.317    0.320    0.318    0.326    0.323    0.330    0.313    0.303    0.326    0.323    0.303    0.300    0.312    0.286    0.319    0.322    0.318    0.212    0.229    0.227    0.238    0.211    0.250    0.238    0.239    0.242    0.205    0.259    0.226    0.243    0.232    0.206    0.210    0.230    0.221    0.262    0.238    0.219    0.264    0.266    0.255    0.255
   0.867    0.766    0.728    0.770    0.666    0.651    0.799    0.828    0.731    0.649    0.804    0.837    0.605    0.635    0.823    0.653    0.781    0.805    0.801    1.000    0.160    0.193    0.205    0.348    0.161    0.181    0.158    0.173    0.212    0.196    0.179    0.173    0.150    0.155    0.185    0.174    0.197    0.201    0.180    0.176    0.174    0.186    0.176    0.188    0.192    0.182    0.183    0.186    0.163    0.180    0.179    0.214    0.193    0.198    0.139    0.181    0.186    0.177    0.194    0.193    0.173    0.174    0.206    0.208    0.212    0.224    0.206    0.203    0.168    0.213    0.175    0.191    0.181    0.195    0.199    0.199    0.221    0.170    0.204    0.221    0.171    0.203    0.197    0.206    0.223    0.193    0.216    0.210    0.183    0.200    0.213    0.181    0.210    0.179    0.203    0.205    0.194    0.189    0.377    0.332    0.360    0.288    0.368    0.375    0.326    0.365    0.356    0.362    0.375    0.358    0.356    0.372    0.350    0.362    0.361    0.316    0.360    0.323    0.335    0.351    0.365    0.338    0.358    0.375    0.354    0.357    0.350    0.357    0.340    0.360    0.341    0.366    0.356    0.372    0.370    0.350    0.371    0.313    0.365    0.343    0.365    0.358    0.368    0.360    0.369    0.346    0.375    0.374    0.350    0.338    0.358    0.315    0.356    0.352    0.355    0.302    0.292    0.272    0.287    0.293    0.283    0.304    0.281    0.284    0.281    0.293    0.299    0.306    0.288    0.289    0.279    0.276    0.292    0.291    0.281    0.288    0.296    0.288    0.305    0.303
   0.163    0.134    0.089    0.170    0.086    0.086    0.149    0.102    0.118    0.080    0.156    0.099    0.097    0.104    0.154    0.096    0.108    0.102    0.150    0.160    1.000    0.697    0.469    0.397    0.927    0.911    0.861    0.938    0.744    0.668    0.807    0.632    0.742    0.804    0.635    0.656    0.708    0.633    0.595    0.409    0.557    0.634    0.679    0.562    0.500    0.639    0.635    0.498    0.534    0.608    0.643    0.699    0.608    0.698    0.293    0.696    0.678    0.656    0.647    0.691    0.566    0.659    0.707    0.675    0.698    0.462    0.449    0.398    0.569    0.424    0.456    0.364    0.441    0.624    0.347    0.412    0.373    0.465    0.390    0.426    0.376    0.373    0.434    0.384    0.365    0.469    0.315    0.385    0.578    0.592    0.398    0.430    0.392    0.399    0.401    0.405    0.436    0.358    0.370    0.383    0.402    0.313    0.431    0.386    0.386    0.422    0.397    0.431    0.414    0.395    0.423    0.428    0.416    0.413    0.406    0.389    0.413    0.395    0.383    0.422    0.404    0.411    0.403    0.417    0.416    0.432    0.424    0.422    0.395    0.386    0.386    0.404    0.377    0.433    0.392    0.430    0.399    0.375    0.415    0.400    0.440    0.409    0.426    0.423    0.401    0.421    0.413    0.411    0.430    0.368    0.425    0.383    0.387    0.416    0.406    0.265    0.338    0.320    0.324    0.297    0.392    0.306    0.362    0.372    0.291    0.382    0.313    0.356    0.333    0.272    0.299    0.294    0.313    0.348    0.309    0.281    0.422    0.384    0.386    0.330
   0.195    0.174    0.106    0.214    0.098    0.114    0.182    0.124    0.145    0.090    0.189    0.124    0.109    0.100    0.173    0.114    0.119    0.138    0.180    0.193    0.697    1.000    0.530    0.331    0.704    0.663    0.753    0.699    0.471    0.490    0.682    0.590    0.703    0.709    0.782    0.926    0.767    0.754    0.775    0.514    0.634    0.802    0.873    0.634    0.689    0.730    0.872    0.645    0.548    0.804    0.861    0.796    0.787    0.945    0.389    0.889    0.703    0.840    0.777    0.885    0.563    0.901    0.779    0.847    0.830    0.436    0.553    0.468    0.449    0.420    0.387    0.376    0.373    0.452    0.361    0.489    0.485    0.372    0.473    0.454    0.441    0.381    0.301    0.429    0.320    0.342    0.329    0.461    0.739    0.383    0.495    0.521    0.476    0.461    0.399    0.438    0.543    0.422    0.320    0.482    0.465    0.331    0.490    0.445    0.418    0.470    0.456    0.487    0.477    0.452    0.468    0.486    0.465    0.463    0.478    0.405    0.460    0.425    0.427    0.464    0.455    0.454    0.451    0.465    0.472    0.472    0.472    0.470    0.449    0.443    0.422    0.460    0.421    0.480    0.446    0.478    0.442    0.402    0.473    0.455    0.487    0.453    0.487    0.461    0.451    0.470    0.484    0.477    0.471    0.414    0.488    0.398    0.450    0.475    0.462    0.279    0.344    0.314    0.328    0.307    0.370    0.316    0.341    0.384    0.334    0.392    0.318    0.345    0.356    0.263    0.313    0.298    0.324    0.356    0.319    0.288    0.432    0.384    0.382    0.325
   0.194    0.168    0.188    0.296    0.163    0.218    0.146    0.085    0.103    0.157    0.138    0.094    0.179    0.169    0.240    0.198    0.096    0.116    0.151    0.205    0.469    0.530    1.000    0.359    0.500    0.408    0.428    0.441    0.394    0.378    0.418    0.389    0.467    0.544    0.540    0.531    0.544    0.673    0.712    0.793    0.517    0.696    0.607    0.527    0.683    0.480    0.644    0.748    0.356    0.666    0.588    0.539    0.543    0.558    0.632    0.582    0.548    0.641    0.556    0.561    0.423    0.591    0.519    0.556    0.501    0.762    0.955    0.912    0.730    0.771    0.611    0.570    0.742    0.789    0.622    0.929    0.906    0.629    0.796    0.791    0.763    0.743    0.551    0.821    0.649    0.576    0.713    0.786    0.732    0.726    0.911    0.914    0.796    0.873    0.760    0.852    0.932    0.619    0.214    0.486    0.276    0.374    0.284    0.267    0.249    0.278    0.269    0.300    0.256    0.273    0.287    0.285    0.289    0.271    0.277    0.254    0.267    0.261    0.269    0.288    0.264    0.291    0.263    0.263    0.285    0.264    0.298    0.289    0.274    0.260    0.248    0.271    0.235    0.280    0.256    0.294    0.252    0.254    0.285    0.250    0.287    0.267    0.296    0.277    0.246    0.291    0.288    0.279    0.290    0.245    0.296    0.240    0.276    0.275    0.278    0.374    0.362    0.314    0.344    0.405    0.357    0.338    0.326    0.377    0.351    0.371    0.357    0.353    0.379    0.324    0.347    0.319    0.379    0.355    0.320    0.316    0.405    0.371    0.377    0.337
   0.369    0.310    0.213    0.276    0.178    0.209    0.315    0.285    0.240    0.165    0.312    0.276    0.164    0.184    0.313    0.167    0.261    0.251    0.296    0.348    0.397    0.331    0.359    1.000    0.422    0.324    0.351    0.359    0.339    0.370    0.444    0.457    0.388    0.385    0.322    0.284    0.336    0.284    0.275    0.235    0.302    0.326    0.302    0.317    0.271    0.341    0.325    0.272    0.295    0.286    0.285    0.300    0.324    0.314    0.234    0.337    0.320    0.325    0.342    0.363    0.279    0.292    0.357    0.316    0.367    0.329    0.378    0.304    0.491    0.341    0.509    0.215    0.407    0.422    0.207    0.306    0.322    0.443    0.220    0.300    0.350    0.244    0.329    0.247    0.291    0.369    0.276    0.209    0.413    0.440    0.336    0.348    0.211    0.273    0.338    0.343    0.360    0.315    0.707    0.250    0.263    0.220    0.280    0.267    0.239    0.270    0.256    0.287    0.290    0.256    0.264    0.282    0.277    0.272    0.255    0.271    0.261    0.271    0.231    0.249    0.275    0.267    0.260    0.288    0.263    0.262    0.257    0.262    0.231    0.246    0.238    0.269    0.286    0.285    0.286    0.271    0.282    0.271    0.269    0.255    0.273    0.262    0.277    0.268    0.295    0.273    0.271    0.277    0.280    0.233    0.258    0.244    0.249    0.259    0.256    0.216    0.213    0.205    0.203    0.227    0.235    0.223    0.240    0.209    0.220    0.209    0.223    0.251    0.210    0.241    0.226    0.201    0.214    0.193    0.199    0.218    0.221    0.211    0.235    0.222
